500 60 33
600 92 33
700 78 38
800 95 44
900 97 71
1000 118 53
1100 126 84
1200 143 101
1300 162 108
1400 182 130
1500 189 103
1600 176 115
1700 181 136
1800 236 160
1900 228 141
2000 264 156
2100 228 178
2200 239 164
2300 264 182
2400 263 184
2500 266 201
2600 301 231
2700 373 237
2800 328 201
2900 348 247
3000 330 223
3100 369 274
3200 350 292
3300 420 281
3400 437 304
3500 384 268
3600 407 336
3700 400 296
3800 478 318
3900 507 339
4000 438 325
4100 467 333
4200 512 378
4300 506 400
4400 510 358
4500 510 405
4600 546 467
4700 526 393
4800 586 484
4900 573 421
5000 587 438
5100 590 435
5200 579 513
5300 665 481
5400 649 564
5500 679 524
5600 658 517
5700 707 538
5800 692 498
5900 685 555
6000 758 587
6100 702 603
6200 709 601
6300 719 565
6400 735 603
6500 775 584
6600 835 660
6700 824 584
6800 834 634
6900 787 643
7000 825 679
7100 898 641
7200 855 701
7300 916 676
7400 851 717
7500 899 721
7600 950 728
7700 900 675
7800 926 728
7900 962 751
8000 1013 772
8100 946 776
8200 1029 731
8300 1042 771
8400 1037 801
8500 1010 831
8600 1009 859
8700 1145 976
8800 1107 842
8900 1078 853
9000 1142 822
9100 1077 817
9200 1141 874
9300 1170 861
9400 1228 854
9500 1186 945
9600 1222 929
9700 1207 967
9800 1215 977
9900 1207 978
10000 1214 974