500 120 67
600 124 86
700 155 94
800 153 105
900 179 139
1000 196 142
1100 222 158
1200 233 201
1300 260 193
1400 282 196
1500 358 253
1600 357 277
1700 378 274
1800 376 276
1900 391 285
2000 412 312
2100 461 315
2200 435 307
2300 462 416
2400 483 363
2500 493 377
2600 506 395
2700 539 443
2800 548 432
2900 572 450
3000 571 426
3100 602 505
3200 609 488
3300 620 482
3400 648 518
3500 629 495
3600 659 487
3700 673 506
3800 690 532
3900 688 561
4000 730 555
4100 707 595
4200 754 559
4300 759 603
4400 762 554
4500 746 578
4600 747 650
4700 776 646
4800 777 600
4900 815 652
5000 832 640
5100 852 733
5200 887 663
5300 829 640
5400 860 679
5500 848 720
5600 973 788
5700 897 710
5800 895 713
5900 1010 735
6000 915 726
6100 983 741
6200 939 756
6300 944 947
6400 1020 919
6500 1178 918
6600 1058 811
6700 987 963
6800 1063 975
6900 1259 879
7000 1048 861
7100 1151 960
7200 1272 1116
7300 1247 934
7400 1102 999
7500 1187 1041
7600 1440 1133
7700 1239 936
7800 1245 1007
7900 1196 1038
8000 1373 986
8100 1296 1108
8200 1412 1266
8300 1334 1007
8400 1301 1164
8500 1464 1267
8600 1452 1140
8700 1332 1145
8800 1451 1277
8900 1477 1082
9000 1401 1242
9100 1610 1270
9200 1470 1177
9300 1509 1232
9400 1705 1323
9500 1543 1189
9600 1617 1397
9700 1619 1259
9800 1630 1275
9900 1746 1410
10000 1740 1356