500 57 40
600 80 55
700 86 59
800 97 51
900 116 60
1000 110 68
1100 143 91
1200 128 83
1300 154 122
1400 153 93
1500 178 117
1600 201 132
1700 189 148
1800 206 164
1900 228 136
2000 247 173
2100 267 171
2200 245 169
2300 286 215
2400 270 185
2500 343 239
2600 334 273
2700 334 221
2800 347 219
2900 339 293
3000 400 273
3100 397 251
3200 427 334
3300 416 300
3400 445 280
3500 446 322
3600 478 314
3700 421 351
3800 449 334
3900 494 365
4000 455 342
4100 472 341
4200 462 378
4300 488 350
4400 500 400
4500 540 360
4600 539 407
4700 537 421
4800 688 434
4900 603 465
5000 685 473
5100 615 500
5200 607 494
5300 645 506
5400 645 534
5500 680 514
5600 642 488
5700 682 572
5800 722 579
5900 754 526
6000 724 543
6100 752 598
6200 820 619
6300 796 583
6400 817 663
6500 907 666
6600 960 635
6700 880 792
6800 949 792
6900 917 678
7000 852 696
7100 1564 860
7200 1055 823
7300 925 712
7400 1038 782
7500 936 752
7600 957 810
7700 1001 837
7800 970 803
7900 1025 791
8000 1004 833
8100 1011 750
8200 1047 1018
8300 1112 851
8400 1100 956
8500 1054 917
8600 1148 948
8700 1146 853
8800 1143 849
8900 1074 896
9000 1396 889
9100 1067 859
9200 1243 857
9300 1156 968
9400 1277 948
9500 1188 974
9600 1163 950
9700 1235 971
9800 1190 917
9900 1304 954
10000 1207 1105
